1 150 -2 0
2 148 -2 0
3 146 -2 0
4 144 36 0
5 142 -2 0
6 140 -2 0
7 138 -2 0
8 136 -2 0
9 134 -2 0
10 132 -2 0
11 130 75 0
12 128 -2 0
13 126 -2 0
14 124 -2 0
15 122 -2 0
16 120 -2 0
17 118 44 0
18 116 -2 0
19 114 -2 0
20 112 -2 0
21 110 -2 0
22 108 -2 0
23 106 68 0
24 104 -2 0
25 102 -2 0
26 100 -2 0
27 98 -2 0
28 96 -2 0
29 94 -2 0
30 92 -2 0
31 90 51 0
32 88 -2 0
33 86 -2 0
34 84 -2 0
35 82 -2 0
36 80 -2 0
37 78 -2 0
38 76 49 0
39 74 -2 0
40 72 -2 0
41 70 -2 0
42 68 -2 0
43 66 -2 0
44 64 -2 0
45 62 -2 0
46 60 58 0
47 58 -2 0
48 56 -2 0
49 54 -2 0
50 52 -2 0
51 50 -2 0
52 48 -2 0
53 46 -2 0
54 44 -2 0
55 42 85 0
56 40 -2 0
57 38 -2 0
58 36 -2 0
59 34 -2 0
60 32 -2 0
61 30 -2 0
62 28 -2 0
63 26 66 0
64 24 -2 0
65 22 -2 0
66 20 -2 0
67 18 -2 0
68 16 51 0
69 14 -2 0
70 12 -2 0
71 10 -2 0
72 8 -2 0
73 6 -2 0
74 4 76 0
75 2 -2 0