1 2 -2 0
2 4 -2 0
3 6 -2 0
4 8 -2 0
5 10 63 0
6 12 -2 0
7 14 -2 0
8 16 -2 0
9 18 -2 0
10 20 -2 0
11 22 -2 0
12 24 48 0
13 26 -2 0
14 28 -2 0
15 30 -2 0
16 32 -2 0
17 34 -2 0
18 36 -2 0
19 38 87 0
20 40 -2 0
21 42 -2 0
22 44 -2 0
23 46 -2 0
24 48 -2 0
25 50 -2 0
26 52 -2 0
27 54 -2 0
28 56 -2 0
29 58 64 0
30 60 -2 0
31 62 -2 0
32 64 -2 0
33 66 -2 0
34 68 -2 0
35 70 -2 0
36 72 -2 0
37 74 75 0
38 76 -2 0
39 78 -2 0
40 80 -2 0
41 82 -2 0
42 84 69 0
43 86 -2 0
44 88 -2 0
45 90 -2 0
46 92 -2 0
47 94 -2 0
48 96 -2 0
49 98 -2 0
50 100 51 0
51 102 -2 0
52 104 -2 0
53 106 -2 0
54 108 -2 0
55 110 -2 0
56 112 -2 0
57 114 46 0
58 116 -2 0
59 118 -2 0
60 120 -2 0
61 122 -2 0
62 124 -2 0
63 126 -2 0
64 128 39 0
65 130 -2 0
66 132 -2 0
67 134 -2 0
68 136 -2 0
69 138 -2 0
70 140 -2 0
71 142 62 0
72 144 -2 0
73 146 -2 0
74 148 -2 0
75 150 -2 0
