1 174 -2 0
2 62 -2 0
3 196 -2 0
4 90 -2 0
5 111 -2 0
6 1 23 0
7 7 -2 0
8 166 -2 0
9 135 -2 0
10 83 -2 0
11 98 67 0
12 72 -2 0
13 64 -2 0
14 22 -2 0
15 39 -2 0
16 105 30 0
17 86 -2 0
18 173 -2 0
19 37 -2 0
20 126 -2 0
21 30 -2 0
22 130 -2 0
23 179 -2 0
24 102 12 0
25 69 -2 0
26 37 -2 0
27 86 -2 0
28 10 48 0
29 138 -2 0
30 115 -2 0
31 67 -2 0
32 152 -2 0
33 123 -2 0
34 46 -2 0
35 42 57 0
36 20 -2 0
37 46 -2 0
38 159 -2 0
39 24 -2 0
40 63 -2 0
41 131 33 0
42 85 -2 0
43 179 -2 0
44 197 -2 0
45 96 -2 0
46 154 -2 0
47 121 -2 0
48 159 36 0
49 28 -2 0
50 137 -2 0
51 61 -2 0
52 178 -2 0
53 36 -2 0
54 173 81 0
55 94 -2 0
56 155 -2 0
57 104 -2 0
58 71 -2 0
59 191 -2 0
60 199 -2 0
61 122 73 0
62 45 -2 0
63 165 -2 0
64 155 -2 0
65 60 -2 0
66 33 92 0
67 95 -2 0
68 138 -2 0
69 116 -2 0
70 43 -2 0
71 129 56 0
72 165 -2 0
73 118 -2 0
74 121 -2 0
75 137 -2 0